x	y	z
-6.630734002655143	10.363212541015299	0.0
-6.626345384337026	10.384321100461817	0.0
-6.62195676601891	10.405429659908332	0.0
-6.617568147700793	10.42653821935485	0.0
-6.613179529382676	10.447646778801367	0.0
-6.60879091106456	10.468755338247885	0.0
-6.6044022927464425	10.489863897694402	0.0
-6.600013674428325	10.51097245714092	0.0
-6.595625056110209	10.532081016587437	0.0
-6.591236437792093	10.553189576033954	0.0
-6.586847819473976	10.574298135480472	0.0
-6.58245920115586	10.595406694926988	0.0
-6.578070582837744	10.616515254373505	0.0
-6.573681964519627	10.637623813820023	0.0
-6.56929334620151	10.658732373266538	0.0
-6.564904727883393	10.679840932713056	0.0
-6.560516109565277	10.700949492159573	0.0
-6.55612749124716	10.72205805160609	0.0
-6.551738872929043	10.743166611052608	0.0
-6.547350254610927	10.764275170499124	0.0
-6.5429616362928105	10.785383729945641	0.0
-6.538573017974693	10.806492289392159	0.0
-6.534184399656577	10.827600848838676	0.0
-6.529795781338461	10.848709408285192	0.0
-6.525407163020344	10.86981796773171	0.0
-6.521018544702227	10.890926527178227	0.0
-6.516629926384111	10.912035086624744	0.0
-6.512241308065993	10.933143646071262	0.0
-6.507852689747877	10.95425220551778	0.0
-6.503464071429761	10.975360764964295	0.0
-6.499075453111644	10.996469324410812	0.0
-6.494686834793527	11.01757788385733	0.0
-6.487993559978961	11.0381717040165	0.0
-6.479272612301192	11.058312648492816	0.0
-6.470551664623422	11.078453592969131	0.0
-6.461830716945652	11.098594537445447	0.0
-6.453109769267882	11.118735481921762	0.0
-6.444388821590111	11.138876426398078	0.0
-6.435667873912341	11.159017370874395	0.0
-6.426946926234571	11.179158315350708	0.0
-6.418225978556801	11.199299259827026	0.0
-6.409505030879031	11.21944020430334	0.0
-6.400570380938314	11.239478971059114	0.0
-6.391562027776524	11.25948249800497	0.0
-6.382553674614733	11.279486024950824	0.0
-6.373545321452942	11.299489551896679	0.0
-6.364536968291151	11.319493078842534	0.0
-6.355528615129361	11.339496605788387	0.0
-6.34652026196757	11.359500132734244	0.0
-6.337511908805779	11.379503659680097	0.0
-6.328503555643989	11.399507186625952	0.0
-6.319495202482198	11.419510713571807	0.0
-6.310486849320408	11.439514240517662	0.0
-6.301478496158617	11.459517767463517	0.0
-6.292470142996826	11.479521294409372	0.0
-6.283461789835035	11.499524821355227	0.0
-6.274453436673245	11.51952834830108	0.0
-6.265445083511454	11.539531875246935	0.0
-6.256436730349663	11.55953540219279	0.0
-6.247428377187872	11.579538929138645	0.0
-6.238420024026082	11.5995424560845	0.0
-6.22939126369081	11.61953549106157	0.0
-6.220195090039796	11.6394424535953	0.0
-6.210998916388782	11.659349416129032	0.0
-6.201802742737766	11.679256378662764	0.0
-6.192606569086753	11.699163341196495	0.0
-6.183410395435739	11.719070303730227	0.0
-6.174214221784723	11.738977266263959	0.0
-6.165018048133709	11.758884228797692	0.0
-6.155821874482696	11.778791191331425	0.0
-6.14662570083168	11.798698153865157	0.0
-6.137429527180666	11.818605116398889	0.0
-6.128233353529652	11.83851207893262	0.0
-6.119037179878637	11.858419041466352	0.0
-6.109841006227622	11.878326004000083	0.0
-6.100644832576608	11.898232966533817	0.0
-6.091448658925594	11.918139929067548	0.0
-6.082252485274579	11.93804689160128	0.0
-6.073056311623564	11.957953854135013	0.0
-6.063860137972551	11.977860816668745	0.0
-6.054650782889113	11.997760613687024	0.0
-6.045269062518233	12.017566711774057	0.0
-6.035887342147352	12.03737280986109	0.0
-6.026505621776473	12.05717890794812	0.0
-6.0171239014055935	12.076985006035153	0.0
-6.007742181034713	12.096791104122186	0.0
-5.998360460663833	12.116597202209217	0.0
-5.9889787402929535	12.13640330029625	0.0
-5.979597019922074	12.156209398383282	0.0
-5.970215299551194	12.176015496470313	0.0
-5.960833579180314	12.195821594557346	0.0
-5.951451858809434	12.215627692644379	0.0
-5.942070138438555	12.23543379073141	0.0
-5.932688418067674	12.25523988881844	0.0
-5.923306697696795	12.275045986905475	0.0
-5.913924977325916	12.294852084992506	0.0
-5.904543256955035	12.314658183079539	0.0
-5.895161536584155	12.334464281166571	0.0
-5.885779816213275	12.354270379253602	0.0
-5.87628947692159	12.374014148581502	0.0
-5.866724582030143	12.393715135694436	0.0
-5.857159687138696	12.41341612280737	0.0
-5.84759479224725	12.433117109920303	0.0
-5.838029897355803	12.452818097033237	0.0
-5.828465002464356	12.47251908414617	0.0
-5.81890010757291	12.492220071259101	0.0
-5.8093352126814635	12.511921058372037	0.0
-5.799770317790017	12.531622045484971	0.0
-5.79020542289857	12.551323032597903	0.0
-5.780640528007123	12.571024019710837	0.0
-5.771075633115677	12.59072500682377	0.0
-5.76151073822423	12.610425993936703	0.0
-5.751945843332783	12.630126981049639	0.0
-5.742380948441337	12.649827968162572	0.0
-5.73281605354989	12.669528955275505	0.0
-5.723251158658443	12.689229942388437	0.0
-5.713686263766997	12.70893092950137	0.0
-5.704004014738837	12.72856093351535	0.0
-5.694258414697643	12.748152618886687	0.0
-5.68451281465645	12.767744304258025	0.0
-5.674767214615257	12.787335989629362	0.0
-5.665021614574063	12.8069276750007	0.0
-5.655276014532871	12.826519360372039	0.0
-5.6455304144916765	12.846111045743378	0.0
-5.635784814450483	12.865702731114714	0.0
-5.62603921440929	12.885294416486053	0.0
-5.616293614368096	12.90488610185739	0.0
-5.606548014326902	12.924477787228728	0.0
-5.59680241428571	12.944069472600066	0.0
-5.587056814244516	12.963661157971403	0.0
-5.5773112142033225	12.98325284334274	0.0
-5.567565614162129	13.002844528714078	0.0
-5.557820014120936	13.022436214085417	0.0
-5.548074414079743	13.042027899456755	0.0
-5.538287053503564	13.06159299288529	0.0
-5.5283633135449985	13.08107124373058	0.0
-5.5184395735864324	13.100549494575871	0.0
-5.508515833627866	13.120027745421162	0.0
-5.498592093669301	13.139505996266452	0.0
-5.488668353710737	13.158984247111743	0.0
-5.478744613752171	13.178462497957034	0.0
-5.4688208737936055	13.197940748802324	0.0
-5.458897133835041	13.217418999647615	0.0
-5.448973393876474	13.236897250492905	0.0
-5.439049653917909	13.256375501338194	0.0
-5.429125913959344	13.275853752183487	0.0
-5.4192021740007785	13.295332003028776	0.0
-5.409278434042213	13.314810253874066	0.0
-5.399354694083647	13.334288504719357	0.0
-5.389430954125082	13.35376675556465	0.0
-5.379507214166517	13.373245006409938	0.0
-5.36951769765944	13.392679211177875	0.0
-5.359418477516613	13.412039954888094	0.0
-5.349319257373786	13.431400698598317	0.0
-5.339220037230957	13.450761442308538	0.0
-5.329120817088129	13.47012218601876	0.0
-5.319021596945302	13.489482929728979	0.0
-5.308922376802474	13.508843673439202	0.0
-5.298823156659647	13.528204417149423	0.0
-5.28872393651682	13.547565160859644	0.0
-5.278624716373992	13.566925904569866	0.0
-5.268525496231163	13.586286648280085	0.0
-5.258426276088336	13.605647391990308	0.0
-5.248327055945509	13.62500813570053	0.0
-5.238227835802682	13.644368879410752	0.0
-5.228128615659854	13.66372962312097	0.0
-5.218029395517026	13.683090366831193	0.0
-5.207901523519425	13.702430949596566	0.0
-5.19762827387967	13.721669237042885	0.0
-5.187355024239915	13.740907524489206	0.0
-5.17708177460016	13.760145811935523	0.0
-5.166808524960404	13.779384099381845	0.0
-5.156535275320649	13.798622386828162	0.0
-5.146262025680894	13.817860674274481	0.0
-5.135988776041138	13.8370989617208	0.0
-5.1257155264013825	13.85633724916712	0.0
-5.115442276761627	13.87557553661344	0.0
-5.105169027121872	13.89481382405976	0.0
-5.094895777482116	13.914052111506079	0.0
-5.084622527842361	13.933290398952396	0.0
-5.074349278202606	13.952528686398718	0.0
-5.064076028562851	13.971766973845035	0.0
-5.053802778923096	13.991005261291354	0.0
-5.0434064365045845	14.010152978314586	0.0
-5.0329918671254745	14.029287284124344	0.0
-5.022577297746365	14.0484215899341	0.0
-5.012162728367256	14.067555895743856	0.0
-5.001748158988146	14.086690201553614	0.0
-4.991333589609037	14.105824507363371	0.0
-4.980919020229927	14.12495881317313	0.0
-4.970504450850818	14.144093118982886	0.0
-4.960089881471709	14.163227424792643	0.0
-4.949675312092599	14.182361730602398	0.0
-4.939260742713489	14.201496036412156	0.0
-4.928846173334381	14.220630342221913	0.0
-4.918431603955271	14.239764648031668	0.0
-4.9077611280061095	14.25869901898363	0.0
-4.8970675247548066	14.277615321021365	0.0
-4.886373921503503	14.296531623059096	0.0
-4.8756803182522	14.315447925096828	0.0
-4.864986715000897	14.33436422713456	0.0
-4.854293111749595	14.353280529172293	0.0
-4.843599508498291	14.372196831210026	0.0
-4.832905905246989	14.39111313324776	0.0
-4.822212301995685	14.410029435285493	0.0
-4.811518698744382	14.428945737323225	0.0
-4.800825095493079	14.447862039360958	0.0
-4.790131492241776	14.46677834139869	0.0
-4.779437888990472	14.485694643436423	0.0
-4.7684838255808195	14.504390741395447	0.0
-4.757519813776202	14.523078428558899	0.0
-4.746555801971587	14.541766115722346	0.0
-4.73559179016697	14.560453802885798	0.0
-4.724627778362354	14.579141490049244	0.0
-4.713663766557738	14.597829177212695	0.0
-4.702699754753121	14.616516864376147	0.0
-4.691735742948505	14.635204551539594	0.0
-4.680771731143889	14.653892238703046	0.0
-4.669807719339272	14.672579925866492	0.0
-4.658843707534656	14.691267613029943	0.0
-4.64787969573004	14.709955300193394	0.0
-4.636913252302887	14.728640765005043	0.0
-4.625687860533067	14.747089567132884	0.0
-4.6144624687632465	14.765538369260723	0.0
-4.603237076993427	14.783987171388562	0.0
-4.592011685223607	14.802435973516403	0.0
-4.580786293453787	14.820884775644243	0.0
-4.569560901683968	14.839333577772083	0.0
-4.558335509914147	14.857782379899923	0.0
-4.547110118144326	14.876231182027762	0.0
-4.535884726374507	14.894679984155601	0.0
-4.524659334604686	14.913128786283442	0.0
-4.513433942834866	14.931577588411283	0.0
-4.5022085510650465	14.950026390539122	0.0
-4.4909692015629545	14.96846141013276	0.0
-4.479491848220636	14.986661413320826	0.0
-4.468014494878318	15.004861416508891	0.0
-4.456537141536	15.023061419696958	0.0
-4.4450597881936815	15.041261422885025	0.0
-4.433582434851363	15.05946142607309	0.0
-4.422105081509045	15.077661429261157	0.0
-4.410627728166727	15.095861432449222	0.0
-4.3991503748244085	15.114061435637288	0.0
-4.38767302148209	15.132261438825356	0.0
-4.376195668139772	15.150461442013421	0.0
-4.364718314797455	15.168661445201487	0.0
-4.3532409614551355	15.186861448389553	0.0
-4.341739030655147	15.205035232589662	0.0
-4.330019509891673	15.222976893975886	0.0
-4.318299989128197	15.240918555362112	0.0
-4.3065804683647215	15.258860216748337	0.0
-4.294860947601247	15.276801878134561	0.0
-4.283141426837773	15.294743539520788	0.0
-4.271421906074297	15.312685200907012	0.0
-4.259702385310822	15.330626862293236	0.0
-4.247982864547346	15.348568523679464	0.0
-4.236263343783872	15.366510185065689	0.0
-4.224543823020396	15.384451846451912	0.0
-4.212824302256921	15.40239350783814	0.0
-4.201104781493445	15.420335169224364	0.0
-4.189351019735408	15.438237352305473	0.0
-4.177399486854411	15.455911514301471	0.0
-4.1654479539734135	15.473585676297473	0.0
-4.153496421092416	15.491259838293473	0.0
-4.141544888211418	15.508934000289472	0.0
-4.12959335533042	15.526608162285472	0.0
-4.117641822449423	15.544282324281472	0.0
-4.105690289568425	15.561956486277472	0.0
-4.0937387566874275	15.57963064827347	0.0
-4.08178722380643	15.59730481026947	0.0
-4.069835690925431	15.61497897226547	0.0
-4.057884158044434	15.632653134261469	0.0
-4.045932625163437	15.650327296257469	0.0
-4.033938190946336	15.667947953688389	0.0
-4.0217651472588045	15.685345857636475	0.0
-4.00959210357127	15.702743761584564	0.0
-3.9974190598837382	15.72014166553265	0.0
-3.9852460161962044	15.737539569480738	0.0
-3.973072972508672	15.754937473428823	0.0
-3.9608999288211395	15.772335377376912	0.0
-3.9487268851336057	15.789733281324999	0.0
-3.9365538414460732	15.807131185273088	0.0
-3.92438079775854	15.824529089221175	0.0
-3.9121728158447038	15.841912380266832	0.0
-3.8999128379778227	15.859273722575761	0.0
-3.887606718087205	15.876615356640283	0.0
-3.8752040678795536	15.893868890164493	0.0
-3.8625882370932807	15.910882904516416	0.0
-3.84992558254516	15.927876227983706	0.0
-3.8372173645110275	15.944849205577345	0.0
-3.824461564849912	15.961800709290058	0.0
-3.8116546516004464	15.978728882027974	0.0
-3.798802628704288	15.995636233900314	0.0
-3.7859056239798963	16.012522618033803	0.0
-3.772959615199686	16.02938591417987	0.0
-3.7599653907456307	16.046226244368277	0.0
-3.7469266435011033	16.063045145743374	0.0
-3.73384350343436	16.079842475345785	0.0
-3.7207111973869953	16.0966156615115	0.0
-3.7074752906362227	16.11328211696253	0.0
-3.694052963925434	16.129717650729347	0.0
-3.6805868442107106	16.14613102864252	0.0
-3.667072657138312	16.162519840450415	0.0
-3.653512329075028	16.178884827040747	0.0
-3.639908685468777	16.19522722967336	0.0
-3.626261862066565	16.211546914369087	0.0
-3.6125693454709285	16.22784232769621	0.0
-3.598829867356424	16.244112545595797	0.0
-3.585047699450706	16.260359636735416	0.0
-3.5712229816081695	16.276583472591998	0.0
-3.55735585420557	16.29278392560259	0.0
-3.5434404686223053	16.30895750857289	0.0
-3.5294202069116425	16.325007638832574	0.0
-3.5152323904825638	16.340833581200187	0.0
-3.501002816250938	16.356635635845898	0.0
-3.486730337021486	16.37241292951782	0.0
-3.472411719084619	16.38816334338688	0.0
-3.4580518657374983	16.40388950959316	0.0
-3.4436509266055584	16.419591313135186	0.0
-3.42920905203826	16.435268640231186	0.0
-3.41472555347486	16.450920867487785	0.0
-3.4001967291636093	16.466545511006757	0.0
-3.385627512163053	16.482145349160813	0.0
-3.371018057295385	16.497720275005847	0.0
-3.3563685209989393	16.513270183464513	0.0
-3.341612385537745	16.528678890330326	0.0
-3.326703564226546	16.543869337795208	0.0
-3.3117533741211544	16.55903329713996	0.0
-3.296763828107186	16.574171846830517	0.0
-3.281735088158829	16.589284890807512	0.0
-3.2666673178996466	16.604372335056357	0.0
-3.2515606818084635	16.619434087112914	0.0
-3.236413121181613	16.63446856222244	0.0
-3.221224833298777	16.64947566098606	0.0
-3.205998274737223	16.66445682399491	0.0
-3.1907336152138654	16.679411967489365	0.0
-3.175431025283751	16.694341009374398	0.0
-3.1600906771776462	16.70924386982081	0.0
-3.14464302392637	16.723987446110023	0.0
-3.1290618687346665	16.738523063031014	0.0
-3.1134411995515183	16.75303062846626	0.0
-3.0977835723934573	16.767511748442207	0.0
-3.082089166050193	16.78196635485763	0.0
-3.066358159933842	16.796394381317114	0.0
-3.0505907351447155	16.81079576393077	0.0
-3.034787073703384	16.82517044078569	0.0
-3.018947358522499	16.839518351949163	0.0
-3.003071774213494	16.85383944009673	0.0
-2.9871592645806277	16.86813270759301	0.0
-2.9712097575669727	16.882397884893827	0.0
-2.9552250505955606	16.896636136186135	0.0
-2.939133788671139	16.910697059788635	0.0
-2.9229271054762203	16.924561577644255	0.0
-2.9066857955430767	16.938399038113214	0.0
-2.890410052050424	16.952209402110256	0.0
-2.8741000698700576	16.965992633464367	0.0
-2.8577560445491894	16.97974869814987	0.0
-2.8413781733202867	16.99347756512435	0.0
-2.8249666543572873	17.00717920577212	0.0
-2.808521686764408	17.020853593926333	0.0
-2.792043471328451	17.034500706518564	0.0
-2.7755322095243886	17.048120522804943	0.0
-2.758988104505478	17.061713025217664	0.0
-2.7424111515041707	17.075278022701504	0.0
-2.7257288693412014	17.088647019528363	0.0
-2.7089469192045867	17.101831382487944	0.0
-2.6921315104826427	17.114987135585032	0.0
-2.675271884964641	17.128104805133546	0.0
-2.658389615965438	17.141202496208685	0.0
-2.641349170504891	17.154160627284462	0.0
-2.624308725044344	17.167118758360246	0.0
-2.607268279583796	17.180076889436023	0.0
-2.590227834123249	17.193035020511807	0.0
-2.573187388662701	17.205993151587588	0.0
-2.555900984198606	17.218722215756614	0.0
-2.5385337995094917	17.231376047565753	0.0
-2.5211666148203755	17.244029879374896	0.0
-2.5037279909328762	17.25649781276546	0.0
-2.4862337856306707	17.268821112714875	0.0
-2.468619435832621	17.28102441504494	0.0
-2.450809318810704	17.293032189476342	0.0
-2.432999201788786	17.30503996390775	0.0
-2.415189084766869	17.317047738339156	0.0
-2.3973789677449506	17.32905551277056	0.0
-2.3795664581736298	17.341060724511276	0.0
-2.361451642430257	17.35274213219145	0.0
-2.3433368266868837	17.364423539871634	0.0
-2.3252220109435107	17.37610494755181	0.0
-2.3071071952001363	17.387786355231988	0.0
-2.2889923794567637	17.399467762912167	0.0
-2.27062185041871	17.410731195605855	0.0
-2.2520997568885583	17.42174060381562	0.0
-2.233577663358409	17.43275001202538	0.0
-2.215055569828258	17.44375942023514	0.0
-2.196533476298108	17.454768828444905	0.0
-2.177937452716929	17.46568703952961	0.0
-2.1591341877459644	17.47634960600596	0.0
-2.140330922775001	17.487012172482316	0.0
-2.1215276578040365	17.497674738958672	0.0
-2.1027243928330734	17.508337305435024	0.0
-2.0839211278621095	17.518999871911376	0.0
-2.064878426027539	17.529345027175104	0.0
-2.0458062751891233	17.539651143153563	0.0
-2.0266679192850443	17.549735119191922	0.0
-2.00749463157531	17.559701887443545	0.0
-1.9883213438655754	17.569668655695175	0.0
-1.9690153021617198	17.579446023421628	0.0
-1.949585742264278	17.589047167367482	0.0
-1.9301561823668352	17.59864831131334	0.0
-1.9107266224693933	17.608249455259198	0.0
-1.8912970625719503	17.617850599205056	0.0
-1.8718320809329678	17.62739725197484	0.0
-1.852159175242178	17.63662404395794	0.0
-1.8324862695513868	17.645850835941037	0.0
-1.8128133638605965	17.65507762792413	0.0
-1.7931404581698054	17.664304419907225	0.0
-1.77340591941408	17.67329087140623	0.0
-1.7534671462757982	17.68187885683087	0.0
-1.7334761590837926	17.69038002635486	0.0
-1.7134851718917883	17.698881195878855	0.0
-1.6934941846997826	17.707382365402847	0.0
-1.673503197507778	17.71588353492684	0.0
-1.6534254232673162	17.724228281907305	0.0
-1.633217817758766	17.7323390246493	0.0
-1.6130102122502172	17.740449767391297	0.0
-1.5928026067416672	17.748560510133295	0.0
-1.5725950012331187	17.756671252875286	0.0
-1.5523816780268753	17.76477078417675	0.0
-1.5319712226701787	17.772483772589705	0.0
-1.5115050190290225	17.779938265323096	0.0
-1.4910199136329043	17.78730511370938	0.0
-1.470534808236787	17.79467196209567	0.0
-1.4500497028406691	17.802038810481953	0.0
-1.4294407736709869	17.809140353326832	0.0
-1.4087668344214443	17.816102605194395	0.0
-1.3880928951719012	17.823064857061958	0.0
-1.3674189559223586	17.83002710892952	0.0
-1.3467450166728152	17.836989360797084	0.0
-1.3260216219507397	17.843835204062742	0.0
-1.3051730952658822	17.850386510928402	0.0
-1.2843245685810236	17.85693781779406	0.0
-1.2634760418961661	17.863489124659715	0.0
-1.2425789668887142	17.869763900446014	0.0
-1.2216692104965754	17.875966443108524	0.0
-1.2006136075649962	17.881789366442135	0.0
-1.1795437231949322	17.887575117072753	0.0
-1.1584738388248697	17.89336086770337	0.0
-1.137403954454806	17.899146618333994	0.0
-1.1163340700847433	17.90493236896461	0.0
-1.0951858696494972	17.910490863889848	0.0
-1.0739705121541154	17.915854484046598	0.0
-1.0527551546587348	17.92121810420334	0.0
-1.0315397971633533	17.926581724360084	0.0
-1.010324439667973	17.931945344516834	0.0
-0.9890874093912491	17.93723813473775	0.0
-0.9677013765594276	17.941880429062167	0.0
-0.9463076602428021	17.946466227149248	0.0
-0.9249139439261753	17.95105202523633	0.0
-0.9035202276095498	17.955637823323407	0.0
-0.8821265112929243	17.960223621410485	0.0
-0.8606410346977252	17.964467244533928	0.0
-0.8391316694000414	17.968621786455437	0.0
-0.8176223041023561	17.972776328376945	0.0
-0.7961129388046722	17.976930870298453	0.0
-0.7746035735069883	17.98108541221996	0.0
-0.7530518929811464	17.985056814391296	0.0
-0.7314420116013225	17.98877632403309	0.0
-0.709832130221497	17.992495833674884	0.0
-0.6881920365879363	17.99590339951895	0.0
-0.6665480199564149	17.99927046011331	0.0
-0.6448998663549437	18.002616254817486	0.0
-0.6231705891943539	18.00554503786354	0.0
-0.6014413120337629	18.008473820909593	0.0
-0.5797120348731731	18.01140260395565	0.0
-0.5579827577125822	18.014331387001704	0.0
-0.5362534805519925	18.017260170047756	0.0
-0.5144769459297234	18.01989081726277	0.0
-0.4926777678317881	18.022378612297516	0.0
-0.47087858973385427	18.024866407332254	0.0
-0.4490794116359191	18.027354202366997	0.0
-0.4272802335379852	18.029841997401736	0.0
-0.40544543192514054	18.031866074790113	0.0
-0.3835712962426803	18.03355720524361	0.0
-0.3616971605602212	18.0352483356971	0.0
-0.339823024877761	18.036939466150596	0.0
-0.31794888919530195	18.038630596604094	0.0
-0.2960747535128429	18.040321727057588	0.0
-0.2741643545782671	18.041598690817317	0.0
-0.2522512741839931	18.04284502932328	0.0
-0.23033819378971795	18.044091367829253	0.0
-0.20842511339544398	18.045337706335218	0.0
-0.18651203300117003	18.04658404484119	0.0
-0.1645858871921082	18.047581274728714	0.0
-0.14264942094567307	18.048381732455677	0.0
-0.1207062729247547	18.048836208182976	0.0
-0.0987629694344134	18.049282633710078	0.0
-0.07681966594407089	18.049729059237173	0.0
-0.05487491014194974	18.05009234663452	0.0
-0.03292380819554827	18.05009234663452	0.0
-0.010972706249145581	18.05009234663452	0.0
0.010978395697257108	18.05009234663452	0.0
0.032929497643658594	18.05009234663452	0.0
0.054880599590060065	18.05009234663452	0.0
0.07682535536726869	18.049729057811042	0.0
0.09876865885761013	18.049282632283944	0.0
0.12071196234795402	18.048836206756842	0.0
0.1426551061568873	18.048381512933194	0.0
0.16459157240332264	18.047581055206223	0.0
0.18651771813767581	18.04658382389431	0.0
0.2084307985319497	18.045337485388345	0.0
0.23034387892622601	18.044091146882376	0.0
0.25225695932049985	18.042844808376408	0.0
0.27417003971477377	18.04159846987044	0.0
0.29608043852493715	18.0403215046898	0.0
0.31795457420739626	18.038630374236302	0.0
0.33982870988985786	18.036939243782808	0.0
0.3617028455723169	18.035248113329317	0.0
0.3835769812547761	18.033556982875815	0.0
0.4054511169372352	18.031865852422325	0.0
0.4272859057464464	18.02984155584715	0.0
0.449085083844383	18.02735376081241	0.0
0.47088426194231703	18.024865965777668	0.0
0.49268344004025116	18.022378170742925	0.0
0.5144826181381852	18.019890375708183	0.0
0.5362591525371518	18.017259727084408	0.0
0.5579884296977443	18.014330944038353	0.0
0.5797177068583343	18.011402160992297	0.0
0.6014469840189244	18.008473377946245	0.0
0.6231762611795144	18.00554459490019	0.0
0.6449055383401043	18.002615811854138	0.0
0.6665536916692087	17.999270015749854	0.0
0.6881977083007292	17.995902955155497	0.0
0.7098377809057685	17.992495172190356	0.0
0.7314476622855927	17.988775662548562	0.0
0.7530575436654169	17.985056152906772	0.0
0.7746092238701556	17.981084749345698	0.0
0.7961185891678393	17.97693020742419	0.0
0.8176279544655232	17.97277566550268	0.0
0.839137319763207	17.968621123581173	0.0
0.8606466850608907	17.964466581659664	0.0
0.8821321612866434	17.96022295715855	0.0
0.9035258776032689	17.955637159071472	0.0
0.9249195939198943	17.951051360984394	0.0
0.9463133102365195	17.946465562897316	0.0
0.967707026553145	17.94187976481023	0.0
0.9890930299889545	17.937237254338562	0.0
1.0103300598483391	17.93194446275372	0.0
1.0315454173437197	17.926580842596973	0.0
1.0527607748391001	17.921217222440227	0.0
1.073976132334483	17.915853602283484	0.0
1.0951914898298631	17.910489982126734	0.0
1.1163396898003874	17.904931485852977	0.0
1.1374095741704502	17.899145735222355	0.0
1.158479458540513	17.89335998459174	0.0
1.1795493429105781	17.887574233961118	0.0
1.2006192272806409	17.8817884833305	0.0
1.221674829700682	17.875965558665424	0.0
1.242584586092821	17.869763016002914	0.0
1.2634816233806074	17.863488025365534	0.0
1.2843301500654671	17.856936718499878	0.0
1.3051786767503246	17.85038541163422	0.0
1.3260272034351819	17.843834104768565	0.0
1.346750597599528	17.836988260190118	0.0
1.36742453684907	17.830026008322555	0.0
1.3880984760986144	17.82306375645499	0.0
1.408772415348157	17.816101504587422	0.0
1.4294463545976992	17.809139252719866	0.0
1.4500552831641407	17.802037708582482	0.0
1.470540388560258	17.79467086019619	0.0
1.4910254939563774	17.7873040118099	0.0
1.5115105993524944	17.779937163423618	0.0
1.5319767570065876	17.772482457455737	0.0
1.552387212363283	17.76476946904278	0.0
1.5726005349215106	17.756669936470672	0.0
1.592808140430062	17.748559193728674	0.0
1.613015745938611	17.740448450986676	0.0
1.6332233514471601	17.732337708244682	0.0
1.653430956955709	17.724226965502687	0.0
1.6735087305041716	17.715882217274977	0.0
1.6934997176961784	17.707381047750985	0.0
1.713490704888183	17.69887987822699	0.0
1.7334816920801872	17.690378708703	0.0
1.7534726792721915	17.68187753917901	0.0
1.7734114516753339	17.67328955253206	0.0
1.793145936245181	17.66430288973315	0.0
1.812818841935971	17.655076097750054	0.0
1.8324917476267608	17.64584930576696	0.0
1.8521646533175506	17.636622513783863	0.0
1.8718375590083405	17.627395721800767	0.0
1.891302539869943	17.61784906783509	0.0
1.9107320997673853	17.60824792388923	0.0
1.9301616596648272	17.598646779943376	0.0
1.9495912195622696	17.589045635997522	0.0
1.9690207794597114	17.579444492051664	0.0
1.9883268203448925	17.569667123157203	0.0
2.0075001080546264	17.559700354905573	0.0
2.026673395764361	17.54973358665395	0.0
2.04581168936455	17.5396494015654	0.0
2.0648838402029663	17.529343285586933	0.0
2.083926541178567	17.518998129184503	0.0
2.1027298061495303	17.50833556270815	0.0
2.1215330711204934	17.4976729962318	0.0
2.1403363360914565	17.487010429755443	0.0
2.15913960106242	17.476347863279095	0.0
2.1779428660333853	17.46568529680274	0.0
2.196538888716346	17.454767084610026	0.0
2.2150609822464955	17.443757676400267	0.0
2.2335830757766453	17.4327482681905	0.0
2.2521051693067977	17.421738859980742	0.0
2.2706272628369475	17.41072945177098	0.0
2.2889977206096517	17.399465811512602	0.0
2.3071125363530243	17.387784403832427	0.0
2.3252273520963973	17.376102996152248	0.0
2.3433421678397726	17.36442158847207	0.0
2.361456983583145	17.35274018079189	0.0
2.3795717993265177	17.341058773111712	0.0
2.3973843079244608	17.329053560328397	0.0
2.415194424946378	17.317045785896994	0.0
2.4330045419682973	17.30503801146559	0.0
2.4508146589902147	17.293030237034184	0.0
2.468624776012132	17.281022462602778	0.0
2.486239124800983	17.268819159264744	0.0
2.5037333301031888	17.256495859315336	0.0
2.521171875741501	17.24402772230546	0.0
2.5385390604306157	17.231373890496315	0.0
2.55590624511973	17.218720058687175	0.0
2.5731926485400387	17.20599099354605	0.0
2.590233094000585	17.193032862470268	0.0
2.607273539461134	17.180074731394484	0.0
2.62431398492168	17.167116600318707	0.0
2.641354430382227	17.154158469242923	0.0
2.658394875842774	17.141200338167145	0.0
2.675292348841882	17.12811583264564	0.0
2.6921383049468366	17.11498635751495	0.0
2.708952151779665	17.101829254808443	0.0
2.725734101916279	17.088644891848865	0.0
2.742416298026546	17.075275694575776	0.0
2.758993251027854	17.061710697091932	0.0
2.775537356046766	17.048118194679212	0.0
2.7920486178508273	17.034498378392836	0.0
2.8085268332867845	17.0208512658006	0.0
2.8249718008796627	17.007176877646394	0.0
2.841383319842662	16.993475236998627	0.0
2.8577611910715666	16.979746370024138	0.0
2.8741052163924343	16.965990305338636	0.0
2.8904151985728	16.952207073984525	0.0
2.9066909420654516	16.938396709987487	0.0
2.9229322519985943	16.924559249518524	0.0
2.9391389351935144	16.910694731662904	0.0
2.955230103390055	16.896633611086187	0.0
2.971214810361467	16.882395359793883	0.0
2.987164317375121	16.86813018249306	0.0
3.0030768270079866	16.853836914996787	0.0
3.018952411316994	16.839515826849215	0.0
3.034792126497877	16.825167915685746	0.0
3.0505957879392094	16.810793238830826	0.0
3.066363212728334	16.79639185621717	0.0
3.082094218844685	16.781963829757686	0.0
3.0977886251879507	16.76750922334226	0.0
3.1134462523460105	16.753028103366315	0.0
3.1290669215291587	16.738520537931066	0.0
3.1446480767208604	16.72398492101008	0.0
3.1600956287088575	16.70924115151241	0.0
3.175435976814964	16.694338291065993	0.0
3.190738566745078	16.679409249180964	0.0
3.206003226268435	16.664454105686506	0.0
3.22122978482999	16.649472942677654	0.0
3.236418072712826	16.634465843914036	0.0
3.2515656333396774	16.619431368804506	0.0
3.2666722694308614	16.60436961674795	0.0
3.281740039690043	16.589282172499107	0.0
3.2967687796383998	16.574169128522108	0.0
3.3117583256523675	16.559030578831553	0.0
3.3267085157577614	16.5438666194868	0.0
3.3416173370689592	16.528676172021918	0.0
3.356373363882493	16.513267276001553	0.0
3.371022900178937	16.497717367542887	0.0
3.3856323550466056	16.482142441697853	0.0
3.400201572047161	16.466542603543793	0.0
3.414730396358412	16.450917960024825	0.0
3.429213894921811	16.43526573276823	0.0
3.4436557694891086	16.41958840567223	0.0
3.45805670862105	16.4038866021302	0.0
3.472416561968169	16.388160435923922	0.0
3.486735179905035	16.372410022054865	0.0
3.5010076591344883	16.35663272838294	0.0
3.5152372333661126	16.34083067373723	0.0
3.5294250497951922	16.325004731369617	0.0
3.5434451956358393	16.308954416291378	0.0
3.557360581219104	16.29278083332108	0.0
3.5712277086217035	16.276580380310484	0.0
3.5850524264642396	16.260356544453906	0.0
3.598834594369959	16.24410945331428	0.0
3.6125740724844633	16.2278392354147	0.0
3.6262665890800996	16.211543822087577	0.0
3.6399134124823114	16.195224137391847	0.0
3.6535170560885626	16.178881734759237	0.0
3.667077384151848	16.162516748168898	0.0
3.6805915712242463	16.14612793636101	0.0
3.694057690938969	16.129714558447834	0.0
3.7074800176497567	16.113279024681013	0.0
3.7207158014809623	16.09661238902305	0.0
3.733848107528327	16.079839202857336	0.0
3.7469312475950707	16.063041873254924	0.0
3.759969994839598	16.04622297187983	0.0
3.772964219293652	16.02938264169142	0.0
3.785910228073863	16.012519345545357	0.0
3.798807232798256	15.995632961411866	0.0
3.811659255694413	15.978725609539525	0.0
3.8244661689438786	15.961797436801612	0.0
3.837221968604993	15.9448459330889	0.0
3.849930186639125	15.927872955495262	0.0
3.8625928411872477	15.910879632027969	0.0
3.8752086719735193	15.893865617676047	0.0
3.8876111923953665	15.87661190882527	0.0
3.8999173122859836	15.859270274760751	0.0
3.9121772901528646	15.84190893245182	0.0
3.9243852720667025	15.824525641406163	0.0
3.936558315754235	15.807127737458075	0.0
3.9487313594417675	15.78972983350999	0.0
3.9609044031293004	15.7723319295619	0.0
3.973077446816833	15.754934025613816	0.0
3.985250490504367	15.737536121665725	0.0
3.9974235341919	15.720138217717636	0.0
4.0095965778794325	15.702740313769551	0.0
4.021769621566965	15.685342409821462	0.0
4.033942665254497	15.667944505873377	0.0
4.04593696301311	15.650323678257731	0.0
4.057888495894108	15.632649516261733	0.0
4.069840028775105	15.614975354265734	0.0
4.081791561656103	15.597301192269736	0.0
4.093743094537101	15.579627030273738	0.0
4.105694627418099	15.561952868277734	0.0
4.117646160299097	15.544278706281736	0.0
4.129597693180093	15.526604544285737	0.0
4.141549226061091	15.508930382289735	0.0
4.153500758942091	15.491256220293737	0.0
4.1654522918230885	15.473582058297735	0.0
4.1774038247040854	15.455907896301735	0.0
4.189355357585082	15.438233734305737	0.0
4.201108976415452	15.420331386435546	0.0
4.212828497178928	15.402389725049318	0.0
4.2245480179424035	15.384448063663093	0.0
4.236267538705879	15.366506402276867	0.0
4.247987059469354	15.348564740890643	0.0
4.259706580232829	15.330623079504418	0.0
4.2714261009963055	15.31268141811819	0.0
4.28314562175978	15.294739756731968	0.0
4.294865142523253	15.276798095345743	0.0
4.3065846632867295	15.258856433959517	0.0
4.318304184050204	15.24091477257329	0.0
4.33002370481368	15.222973111187063	0.0
4.341743225577156	15.20503144980084	0.0
4.353245007193451	15.186857506453048	0.0
4.36472236053577	15.168657503264981	0.0
4.376199713878088	15.150457500076916	0.0
4.387677067220406	15.13225749688885	0.0
4.399154420562724	15.114057493700782	0.0
4.410631773905043	15.095857490512714	0.0
4.422109127247361	15.07765748732465	0.0
4.433586480589679	15.059457484136583	0.0
4.445063833931998	15.041257480948516	0.0
4.456541187274317	15.023057477760451	0.0
4.468018540616634	15.004857474572384	0.0
4.479495893958952	14.98665747138432	0.0
4.4909732473012705	14.968457468196254	0.0
4.502212441586125	14.950022295333671	0.0
4.513437833355946	14.93157349320583	0.0
4.5246632251257655	14.913124691077991	0.0
4.535888616895585	14.894675888950152	0.0
4.547114008665405	14.876227086822311	0.0
4.5583394004352265	14.85777828469447	0.0
4.569564792205046	14.839329482566631	0.0
4.580790183974866	14.82088068043879	0.0
4.592015575744686	14.802431878310953	0.0
4.603240967514505	14.783983076183112	0.0
4.614466359284327	14.765534274055272	0.0
4.625691751054147	14.74708547192743	0.0
4.636917142823966	14.728636669799593	0.0
4.647883425231819	14.709951057826315	0.0
4.658847437036434	14.691263370662867	0.0
4.6698114488410525	14.672575683499414	0.0
4.680775460645668	14.653887996335966	0.0
4.691739472450284	14.635200309172514	0.0
4.702703484254901	14.616512622009067	0.0
4.713667496059517	14.597824934845617	0.0
4.724631507864134	14.579137247682166	0.0
4.73559551966875	14.560449560518714	0.0
4.746559531473366	14.541761873355266	0.0
4.757523543277982	14.523074186191815	0.0
4.768487555082598	14.504386499028367	0.0
4.779441451911023	14.485690260234495	0.0
4.7901350551623265	14.466773958196763	0.0
4.8008286584136295	14.447857656159032	0.0
4.811522261664932	14.4289413541213	0.0
4.8222158649162346	14.410025052083567	0.0
4.832909468167539	14.391108750045833	0.0
4.843603071418841	14.3721924480081	0.0
4.854296674670144	14.353276145970367	0.0
4.864990277921447	14.334359843932635	0.0
4.87568388117275	14.315443541894902	0.0
4.886377484424054	14.296527239857168	0.0
4.897071087675358	14.277610937819436	0.0
4.907764690926661	14.258694635781703	0.0
4.918434994981092	14.23976013053171	0.0
4.928849564360202	14.220625824721951	0.0
4.939264133739312	14.201491518912194	0.0
4.94967870311842	14.182357213102438	0.0
4.960093272497529	14.163222907292681	0.0
4.970507841876638	14.144088601482926	0.0
4.98092241125575	14.124954295673168	0.0
4.991336980634859	14.10581998986341	0.0
5.001751550013968	14.086685684053654	0.0
5.012166119393077	14.067551378243895	0.0
5.022580688772186	14.04841707243414	0.0
5.0329952581512964	14.029282766624382	0.0
5.043409827530406	14.010148460814625	0.0
5.05379452430124	13.990992448768141	0.0
5.063978582326281	13.971690647238779	0.0
5.0741626403513225	13.952388845709415	0.0
5.084346698376366	13.933087044180052	0.0
5.094530756401407	13.91378524265069	0.0
5.1047148144264485	13.894483441121325	0.0
5.11489887245149	13.875181639591965	0.0
5.125082930476532	13.855879838062604	0.0
5.135266988501574	13.836578036533238	0.0
5.145451046526615	13.817276235003876	0.0
5.155635104551656	13.797974433474515	0.0
5.165819162576699	13.77867263194515	0.0
5.17600322060174	13.759370830415788	0.0
5.186187278626783	13.740069028886426	0.0
5.196371336651825	13.720767227357062	0.0
5.206555394676866	13.701465425827699	0.0
5.216739452701907	13.682163624298335	0.0
5.226923510726949	13.662861822768974	0.0
5.237107568751992	13.64356002123961	0.0
5.2472916267770335	13.624258219710246	0.0
5.257475684802075	13.604956418180887	0.0
5.2676597428271155	13.585654616651524	0.0
5.277843800852157	13.566352815122162	0.0
5.288027858877199	13.547051013592798	0.0
5.2982119169022415	13.527749212063434	0.0
5.308395974927284	13.508447410534071	0.0
5.318580032952324	13.489145609004709	0.0
5.328764090977366	13.469843807475346	0.0
5.338948149002409	13.450542005945984	0.0
5.34913220702745	13.431240204416621	0.0
5.359316265052492	13.411938402887259	0.0
5.369500323077533	13.392636601357896	0.0
5.379520927972029	13.3732240076985	0.0
5.389444667930596	13.353745756853208	0.0
5.399368407889162	13.334267506007919	0.0
5.409292147847728	13.314789255162626	0.0
5.419215887806292	13.295311004317337	0.0
5.429139627764857	13.275832753472049	0.0
5.439063367723424	13.256354502626756	0.0
5.448987107681989	13.236876251781467	0.0
5.458910847640554	13.217398000936177	0.0
5.468834587599119	13.197919750090886	0.0
5.478758327557684	13.178441499245595	0.0
5.488682067516251	13.158963248400303	0.0
5.498605807474816	13.139484997555012	0.0
5.5085295474333815	13.120006746709723	0.0
5.518453287391947	13.100528495864431	0.0
5.528377027350514	13.081050245019139	0.0
5.538300767309079	13.06157199417385	0.0
5.548087640631595	13.042006590475786	0.0
5.557833240672787	13.022414905104448	0.0
5.56757884071398	13.002823219733111	0.0
5.577324440755175	12.98323153436177	0.0
5.587070040796368	12.963639848990434	0.0
5.596815640837562	12.944048163619097	0.0
5.606561240878754	12.924456478247759	0.0
5.616306840919948	12.90486479287642	0.0
5.626052440961142	12.885273107505082	0.0
5.635798041002336	12.865681422133743	0.0
5.64554364104353	12.846089736762407	0.0
5.655289241084723	12.82649805139107	0.0
5.665034841125916	12.806906366019732	0.0
5.674780441167111	12.787314680648391	0.0
5.6845260412083025	12.767722995277055	0.0
5.694271641249497	12.748131309905716	0.0
5.704017241290689	12.72853962453438	0.0
5.713698996048686	12.708909321554989	0.0
5.723263890940133	12.689208334442053	0.0
5.73282878583158	12.669507347329121	0.0
5.742393680723027	12.649806360216187	0.0
5.751958575614473	12.630105373103255	0.0
5.761523470505919	12.610404385990321	0.0
5.7710883653973655	12.590703398877386	0.0
5.780653260288814	12.571002411764454	0.0
5.790218155180259	12.55130142465152	0.0
5.7997830500717065	12.531600437538586	0.0
5.809347944963152	12.511899450425652	0.0
5.8189128398546	12.492198463312718	0.0
5.8284777347460475	12.472497476199784	0.0
5.838042629637493	12.45279648908685	0.0
5.847607524528939	12.43309550197392	0.0
5.857172419420387	12.413394514860986	0.0
5.866737314311834	12.39369352774805	0.0
5.8763022092032795	12.373992540635118	0.0
5.885792047470505	12.354248483804518	0.0
5.895173767841384	12.334442385717487	0.0
5.904555488212265	12.314636287630456	0.0
5.913937208583145	12.294830189543422	0.0
5.923318928954025	12.27502409145639	0.0
5.932700649324904	12.255217993369357	0.0
5.942082369695784	12.235411895282326	0.0
5.951464090066664	12.215605797195295	0.0
5.960845810437545	12.19579969910826	0.0
5.970227530808424	12.175993601021228	0.0
5.979609251179303	12.156187502934197	0.0
5.988990971550184	12.136381404847164	0.0
5.9983726919210625	12.116575306760133	0.0
6.007754412291943	12.096769208673098	0.0
6.017136132662823	12.076963110586068	0.0
6.0265178530337025	12.057157012499037	0.0
6.035899573404581	12.037350914412006	0.0
6.045281293775462	12.017544816324973	0.0
6.0546630141463424	11.997738718237938	0.0
6.063871861716808	11.977838645332188	0.0
6.073068035367823	11.957931682798456	0.0
6.082264209018837	11.938024720264725	0.0
6.091460382669852	11.918117757730993	0.0
6.1006565563208675	11.89821079519726	0.0
6.109852729971881	11.878303832663528	0.0
6.119048903622896	11.858396870129797	0.0
6.1282450772739105	11.838489907596065	0.0
6.137441250924923	11.818582945062333	0.0
6.14663742457594	11.7986759825286	0.0
6.155833598226954	11.778769019994868	0.0
6.165029771877968	11.758862057461137	0.0
6.174225945528982	11.738955094927405	0.0
6.183422119179998	11.719048132393672	0.0
6.192618292831011	11.699141169859939	0.0
6.201814466482027	11.679234207326207	0.0
6.21101064013304	11.659327244792475	0.0
6.2202068137840545	11.639420282258744	0.0
6.22940298743507	11.619513319725009	0.0
6.238431234038087	11.599520020622055	0.0
6.247439587199878	11.579516493676202	0.0
6.256447940361669	11.559512966730347	0.0
6.265456293523458	11.539509439784492	0.0
6.27446464668525	11.519505912838635	0.0
6.283472999847041	11.499502385892782	0.0
6.2924813530088315	11.47949885894693	0.0
6.3014897061706225	11.459495332001072	0.0
6.310498059332413	11.43949180505522	0.0
6.319506412494205	11.419488278109363	0.0
6.328514765655995	11.399484751163508	0.0
6.337523118817786	11.379481224217653	0.0
6.346531471979576	11.3594776972718	0.0
6.355539825141366	11.339474170325945	0.0
6.364548178303158	11.319470643380088	0.0
6.373556531464949	11.299467116434233	0.0
6.382564884626738	11.27946358948838	0.0
6.3915732377885295	11.259460062542525	0.0
6.4005815909503205	11.23945653559667	0.0
6.409540701578324	11.219429108978451	0.0
6.418359060117675	11.19933336888112	0.0
6.427177418657027	11.179237628783792	0.0
6.435995777196378	11.159141888686463	0.0
6.4448141357357285	11.13904614858913	0.0
6.453632494275081	11.1189504084918	0.0
6.462450852814432	11.09885466839447	0.0
6.471269211353784	11.078758928297141	0.0
6.4800875698931355	11.058663188199812	0.0
6.488905928432486	11.038567448102482	0.0
6.495696614108624	11.01801883232229	0.0
6.500182643288322	10.996955477254762	0.0
6.504668672468019	10.975892122187236	0.0
6.509154701647717	10.954828767119704	0.0
6.513640730827415	10.933765412052171	0.0
6.518126760007114	10.91270205698464	0.0
6.522612789186811	10.89163870191711	0.0
6.527098818366508	10.87057534684958	0.0
6.531584847546207	10.849511991782052	0.0
6.536070876725903	10.82844863671452	0.0
6.540556905905602	10.80738528164699	0.0
6.544854778384479	10.786235901826732	0.0
6.549148739598012	10.76508473378616	0.0
6.553442700811544	10.74393356574559	0.0
6.557736662025078	10.722782397705018	0.0
6.562030623238612	10.701631229664443	0.0
6.566324584452145	10.680480061623872	0.0
6.570618545665678	10.659328893583304	0.0
6.574912506879211	10.638177725542732	0.0
6.579206468092744	10.617026557502161	0.0
6.583500429306277	10.59587538946159	0.0
6.58779439051981	10.574724221421018	0.0
6.592088351733343	10.55357305338045	0.0
6.596382312946877	10.532421885339879	0.0
6.60067627416041	10.511270717299304	0.0
6.604970235373943	10.490119549258731	0.0
6.6092641965874765	10.46896838121816	0.0
6.61355815780101	10.447817213177588	0.0
6.617852119014543	10.426666045137017	0.0
6.6221460802280765	10.405514877096444	0.0
6.62644004144161	10.38436370905587	0.0
6.630734002655143	10.363212541015297	0.0
